"day","n.risk","n.deaths"
1,53,0
2,42,11
3,32,10
4,24,8
5,23,1
6,19,4
7,15,4
8,13,2
9,12,1
10,10,2
11,6,4
12,5,1
13,5,0
14,4,1
15,4,0
